18
Caur|XP_026058860.1|LOC113043591 0.0000000 0.2666074 1.5512689 1.5393700 1.5567612 1.5057292 1.4576174 1.4831689 1.4453496 1.4840160 1.5698104 1.5245680 1.5362711 1.4978021 1.5196684 1.5190937 1.8653984 1.4794924 
Caur|XP_026095161.1|spty2d1      0.2666074 0.0000000 1.5362652 1.5337724 1.5435368 1.4834316 1.4291064 1.4270377 1.4156698 1.4416251 1.5152226 1.4948811 1.5225538 1.5171007 1.5255151 1.5128766 1.8080783 1.5019028 
Ttru|XP_019803585.2|SPTY2D1      1.5512689 1.5362652 0.0000000 0.0365699 0.0409852 0.1437711 0.1314005 0.1455012 0.1458339 0.1421688 0.2209436 0.2038240 0.1502950 0.1731394 0.1220660 0.1217905 1.0349070 1.1817608 
Bacu|XP_068411921.1|SPTY2D1      1.5393700 1.5337724 0.0365699 0.0000000 0.0110872 0.1494741 0.1317853 0.1423220 0.1436066 0.1399576 0.2112629 0.1977251 0.1511201 0.1705417 0.1168747 0.1188077 1.0451189 1.1913496 
Tman|XP_036716049.1|SPTY2D1      1.5567612 1.5435368 0.0409852 0.0110872 0.0000000 0.1516334 0.1338632 0.1444441 0.1477200 0.1439991 0.2199506 0.1966439 0.1525186 0.1713442 0.1239437 0.1258063 1.0308559 1.2070281 
Mfur|XP_004752162.1|SPTY2D1      1.5057292 1.4834316 0.1437711 0.1494741 0.1516334 0.0000000 0.0537589 0.0790763 0.0610160 0.0620718 0.2151153 0.1815517 0.1305810 0.1684645 0.1680004 0.1591207 1.0479193 1.1579542 
Uarc|XP_026368022.2|SPTY2D1      1.4576174 1.4291064 0.1314005 0.1317853 0.1338632 0.0537589 0.0000000 0.0536502 0.0369957 0.0369421 0.1867934 0.1594267 0.1047798 0.1442732 0.1459888 0.1374346 1.0449646 1.1620886 
Clup|XP_038425149.1|SPTY2D1      1.4831689 1.4270377 0.1455012 0.1423220 0.1444441 0.0790763 0.0536502 0.0000000 0.0660729 0.0643223 0.2087610 0.1778204 0.1168143 0.1551193 0.1601180 0.1551003 1.0210521 1.1659243 
Oros|XP_004415709.1|SPTY2D1      1.4453496 1.4156698 0.1458339 0.1436066 0.1477200 0.0610160 0.0369957 0.0660729 0.0000000 0.0174604 0.2062923 0.1761881 0.1133181 0.1515088 0.1534022 0.1419835 1.0810137 1.1674237 
Zcal|XP_027433772.1|SPTY2D1      1.4840160 1.4416251 0.1421688 0.1399576 0.1439991 0.0620718 0.0369421 0.0643223 0.0174604 0.0000000 0.2059387 0.1792267 0.1091052 0.1566146 0.1531502 0.1417528 1.0402955 1.1800105 
Casa|XP_006865896.1|SPTY2D1      1.5698104 1.5152226 0.2209436 0.2112629 0.2199506 0.2151153 0.1867934 0.2087610 0.2062923 0.2059387 0.0000000 0.1674640 0.1932400 0.2080582 0.2301807 0.2184582 1.1008164 1.2575602 
Lafr|XP_010590493.2|SPTY2D1      1.5245680 1.4948811 0.2038240 0.1977251 0.1966439 0.1815517 0.1594267 0.1778204 0.1761881 0.1792267 0.1674640 0.0000000 0.1702976 0.1710920 0.1949449 0.1892305 1.0925730 1.1770075 
Ecab|XP_001505022.2|SPTY2D1      1.5362711 1.5225538 0.1502950 0.1511201 0.1525186 0.1305810 0.1047798 0.1168143 0.1133181 0.1091052 0.1932400 0.1702976 0.0000000 0.1547598 0.1583422 0.1551273 1.0824112 1.1890067 
Hsap|NP_919261.2|SPTY2D1         1.4978021 1.5171007 0.1731394 0.1705417 0.1713442 0.1684645 0.1442732 0.1551193 0.1515088 0.1566146 0.2080582 0.1710920 0.1547598 0.0000000 0.1879204 0.1825146 1.0707247 1.1414352 
Btau|NP_001192667.1|SPTY2D1      1.5196684 1.5255151 0.1220660 0.1168747 0.1239437 0.1680004 0.1459888 0.1601180 0.1534022 0.1531502 0.2301807 0.1949449 0.1583422 0.1879204 0.0000000 0.0224638 1.0245641 1.1645770 
Chir|XP_005699581.2|SPTY2D1      1.5190937 1.5128766 0.1217905 0.1188077 0.1258063 0.1591207 0.1374346 0.1551003 0.1419835 0.1417528 0.2184582 0.1892305 0.1551273 0.1825146 0.0224638 0.0000000 1.0135911 1.1777052 
Acar|XP_003214859.1|spty2d1      1.8653984 1.8080783 1.0349070 1.0451189 1.0308559 1.0479193 1.0449646 1.0210521 1.0810137 1.0402955 1.1008164 1.0925730 1.0824112 1.0707247 1.0245641 1.0135911 0.0000000 0.9921275 
Lcha|XP_005990542.1|SPTY2D1      1.4794924 1.5019028 1.1817608 1.1913496 1.2070281 1.1579542 1.1620886 1.1659243 1.1674237 1.1800105 1.2575602 1.1770075 1.1890067 1.1414352 1.1645770 1.1777052 0.9921275 0.0000000 
